DEFENSESAT-1
1 10000U 24001A   24138.50000000  .00001264  00000-0  29661-4 0  9990
2 10000  91.4126 246.3818 0458196 234.4581 289.1682 14.599549720000
AI-SAT-2
1 10001U 24001A   24138.50000000  .00001264  00000-0  29661-4 0  9991
2 10001  27.2322 346.6486 0919080 329.3427 223.0559 14.857059410000
RESEARCHSAT-3
1 10002U 24001A   24138.50000000  .00001264  00000-0  29661-4 0  9992
2 10002  57.3531 165.6511 0141522 192.3419 347.1913 15.883744870000
NAVIC-4
1 10003U 24001A   24138.50000000  .00001264  00000-0  29661-4 0  9993
2 10003  35.1047 250.5235 0189735 244.2130 160.4909 15.609287580000
NAVIC-5
1 10004U 24001A   24138.50000000  .00001264  00000-0  29661-4 0  9994
2 10004  77.7502  92.5216 0449004 293.1853 270.0859 15.227936280000
ISROSAT-6
1 10005U 24001A   24138.50000000  .00001264  00000-0  29661-4 0  9995
2 10005  40.1102 236.7046 0561946  43.9145 176.5157 14.030963930000
ORBITX-7
1 10006U 24001A   24138.50000000  .00001264  00000-0  29661-4 0  9996
2 10006  56.9114 122.4945 0407766 342.4517 195.9013 15.979231780000
ONEWEB-8
1 10007U 24001A   24138.50000000  .00001264  00000-0  29661-4 0  9997
2 10007  48.1365   4.9672 0877746 172.3610 327.5574 14.842915020000
DEFENSESAT-9
1 10008U 24001A   24138.50000000  .00001264  00000-0  29661-4 0  9998
2 10008  32.7772 187.9887 0683590 154.0044 169.9466 14.155381220000
DEFENSESAT-10
1 10009U 24001A   24138.50000000  .00001264  00000-0  29661-4 0  9999
2 10009  75.7145 314.6185 0990761 250.5119 348.7182 15.524381580000
RESEARCHSAT-11
1 10010U 24001A   24138.50000000  .00001264  00000-0  29661-4 0  9990
2 10010  44.0091 262.6318 0667899 123.9030 221.8837 15.784399910000
RESEARCHSAT-12
1 10011U 24001A   24138.50000000  .00001264  00000-0  29661-4 0  9991
2 10011  95.0567  76.8895 0850457 230.1675 196.8690 15.569168240000
ONEWEB-13
1 10012U 24001A   24138.50000000  .00001264  00000-0  29661-4 0  9992
2 10012  29.0197 186.7928 0235365 231.9251   1.0830 14.192069910000
NAVIC-14
1 10013U 24001A   24138.50000000  .00001264  00000-0  29661-4 0  9993
2 10013  20.7613 135.8581 0197873  53.8378 208.9495 14.739494790000
NAVIC-15
1 10014U 24001A   24138.50000000  .00001264  00000-0  29661-4 0  9994
2 10014  36.7437 275.8908 0450033  36.7071 296.9367 14.770680480000
ISROSAT-16
1 10015U 24001A   24138.50000000  .00001264  00000-0  29661-4 0  9995
2 10015  74.4660 334.0180 0185981 219.3118 175.0531 14.255351260000
RESEARCHSAT-17
1 10016U 24001A   24138.50000000  .00001264  00000-0  29661-4 0  9996
2 10016  65.9727 337.0394 0954033 267.5768   8.9970 14.243601680000
CYBERSAT-18
1 10017U 24001A   24138.50000000  .00001264  00000-0  29661-4 0  9997
2 10017  22.2853 138.3502 0600606 310.8380 129.7749 14.174251730000
ISROSAT-19
1 10018U 24001A   24138.50000000  .00001264  00000-0  29661-4 0  9998
2 10018  54.6991  57.1761 0555258 310.7528 272.5028 14.274671750000
CYBERSAT-20
1 10019U 24001A   24138.50000000  .00001264  00000-0  29661-4 0  9999
2 10019  36.9544 247.8186 0456145 322.1354  72.1910 14.662945190000
ISROSAT-21
1 10020U 24001A   24138.50000000  .00001264  00000-0  29661-4 0  9990
2 10020  93.7962 181.5574 0697384 359.6958   2.6618 15.710448980000
AI-SAT-22
1 10021U 24001A   24138.50000000  .00001264  00000-0  29661-4 0  9991
2 10021  69.3271 342.3358 0788054 282.1559 201.0800 15.675990130000
NAVIC-23
1 10022U 24001A   24138.50000000  .00001264  00000-0  29661-4 0  9992
2 10022  74.8497 354.4361 0483661 243.8872  58.6963 14.811944440000
CYBERSAT-24
1 10023U 24001A   24138.50000000  .00001264  00000-0  29661-4 0  9993
2 10023  58.8275 325.0836 0676293  69.1889 169.8593 14.350053780000
STARLINK-25
1 10024U 24001A   24138.50000000  .00001264  00000-0  29661-4 0  9994
2 10024  61.3406 281.0082 0596012  31.7860 167.7736 15.875303510000
STARLINK-26
1 10025U 24001A   24138.50000000  .00001264  00000-0  29661-4 0  9995
2 10025  50.0195 157.0212 0105936 246.5663 119.6062 14.509288570000
ISROSAT-27
1 10026U 24001A   24138.50000000  .00001264  00000-0  29661-4 0  9996
2 10026  93.6003 167.1451 0724725  54.1737  49.1089 14.564669510000
RESEARCHSAT-28
1 10027U 24001A   24138.50000000  .00001264  00000-0  29661-4 0  9997
2 10027  31.6054 155.7391 0141776 312.8461 122.1251 15.071057890000
RESEARCHSAT-29
1 10028U 24001A   24138.50000000  .00001264  00000-0  29661-4 0  9998
2 10028  97.2402   6.9551 0421288  16.1231 280.2126 15.049057760000
CYBERSAT-30
1 10029U 24001A   24138.50000000  .00001264  00000-0  29661-4 0  9999
2 10029  22.8074  97.9143 0679519 235.5652 172.4900 14.881378600000
ISROSAT-31
1 10030U 24001A   24138.50000000  .00001264  00000-0  29661-4 0  9990
2 10030  67.3537 289.2431 0302590 309.2409 156.1758 15.010493520000
ONEWEB-32
1 10031U 24001A   24138.50000000  .00001264  00000-0  29661-4 0  9991
2 10031  46.6959 179.3914 0795097  32.0835 226.2532 14.410394800000
NAVIC-33
1 10032U 24001A   24138.50000000  .00001264  00000-0  29661-4 0  9992
2 10032  45.8501  93.7876 0699938  61.4850 329.5852 15.044883490000
RESEARCHSAT-34
1 10033U 24001A   24138.50000000  .00001264  00000-0  29661-4 0  9993
2 10033  38.3221 330.5767 0476736 148.5153   3.2868 14.501002170000
CYBERSAT-35
1 10034U 24001A   24138.50000000  .00001264  00000-0  29661-4 0  9994
2 10034  87.5772 168.2526 0382792 331.1105 241.7612 14.550828640000
RESEARCHSAT-36
1 10035U 24001A   24138.50000000  .00001264  00000-0  29661-4 0  9995
2 10035  80.6355  73.6442 0478924  75.8536 122.3153 15.816397450000
NAVIC-37
1 10036U 24001A   24138.50000000  .00001264  00000-0  29661-4 0  9996
2 10036  49.3522 113.4313 0268485  89.5690  71.0681 14.061874990000
NAVIC-38
1 10037U 24001A   24138.50000000  .00001264  00000-0  29661-4 0  9997
2 10037  31.8989 327.2346 0382976  34.3380 138.8223 14.451518530000
DEFENSESAT-39
1 10038U 24001A   24138.50000000  .00001264  00000-0  29661-4 0  9998
2 10038  54.1681  72.2222 0580751 110.7506 235.5993 14.328678610000
ONEWEB-40
1 10039U 24001A   24138.50000000  .00001264  00000-0  29661-4 0  9999
2 10039  75.7748 323.5010 0584409 258.6519 300.7253 14.912535070000
DEFENSESAT-41
1 10040U 24001A   24138.50000000  .00001264  00000-0  29661-4 0  9990
2 10040  22.1409 142.5087 0314085 253.0254 294.6625 15.630792200000
ORBITX-42
1 10041U 24001A   24138.50000000  .00001264  00000-0  29661-4 0  9991
2 10041  40.1221  70.1170 0507308 311.0353 143.3697 14.599235840000
ONEWEB-43
1 10042U 24001A   24138.50000000  .00001264  00000-0  29661-4 0  9992
2 10042  32.9276 349.1027 0480218 318.1003 338.3712 14.679518550000
DEFENSESAT-44
1 10043U 24001A   24138.50000000  .00001264  00000-0  29661-4 0  9993
2 10043  34.2474 260.3443 0620174  52.6042  85.6054 14.045924960000
NAVIC-45
1 10044U 24001A   24138.50000000  .00001264  00000-0  29661-4 0  9994
2 10044  83.2837 260.4129 0109716 261.9403 227.4450 15.521511940000
DEFENSESAT-46
1 10045U 24001A   24138.50000000  .00001264  00000-0  29661-4 0  9995
2 10045  62.2391 146.8360 0780538 343.1783 198.8030 14.093069860000
ORBITX-47
1 10046U 24001A   24138.50000000  .00001264  00000-0  29661-4 0  9996
2 10046  77.8434 254.7854 0706162 329.5156  60.2511 15.736679950000
ONEWEB-48
1 10047U 24001A   24138.50000000  .00001264  00000-0  29661-4 0  9997
2 10047  66.7521 308.0790 0708903 114.0109 311.1767 15.687154550000
NAVIC-49
1 10048U 24001A   24138.50000000  .00001264  00000-0  29661-4 0  9998
2 10048  82.7226 170.8536 0531406  58.2237 355.3028 14.294976140000
ISROSAT-50
1 10049U 24001A   24138.50000000  .00001264  00000-0  29661-4 0  9999
2 10049  72.4914 101.7271 0996112 165.1653   9.5438 15.759601100000
DEFENSESAT-51
1 10050U 24001A   24138.50000000  .00001264  00000-0  29661-4 0  9990
2 10050  65.8135 340.6865 0611357 293.4046 269.8726 15.784451750000
ISROSAT-52
1 10051U 24001A   24138.50000000  .00001264  00000-0  29661-4 0  9991
2 10051  40.2626 165.0163 0759555 123.8059 197.4866 15.838080480000
ONEWEB-53
1 10052U 24001A   24138.50000000  .00001264  00000-0  29661-4 0  9992
2 10052  87.6681 240.5282 0455871 178.2340 159.0760 15.818478270000
STARLINK-54
1 10053U 24001A   24138.50000000  .00001264  00000-0  29661-4 0  9993
2 10053  42.7263 163.0060 0151706 129.4138  53.1020 15.177394330000
DIGITALTWIN-55
1 10054U 24001A   24138.50000000  .00001264  00000-0  29661-4 0  9994
2 10054  20.4152 245.3572 0499980 220.1400   5.4030 15.596268840000
DIGITALTWIN-56
1 10055U 24001A   24138.50000000  .00001264  00000-0  29661-4 0  9995
2 10055  68.0242 303.7084 0802742  23.5314 111.2128 14.908021970000
ISROSAT-57
1 10056U 24001A   24138.50000000  .00001264  00000-0  29661-4 0  9996
2 10056  80.9207 301.4569 0697041  45.7203 242.3992 15.860389890000
AI-SAT-58
1 10057U 24001A   24138.50000000  .00001264  00000-0  29661-4 0  9997
2 10057  97.2537 232.9194 0139193 236.2921 341.2820 15.306986310000
AI-SAT-59
1 10058U 24001A   24138.50000000  .00001264  00000-0  29661-4 0  9998
2 10058  67.9994 215.0481 0477274 254.6369 125.5808 14.616155120000
CYBERSAT-60
1 10059U 24001A   24138.50000000  .00001264  00000-0  29661-4 0  9999
2 10059  27.9639  16.8883 0764758  98.6250 331.8659 15.330143130000
ONEWEB-61
1 10060U 24001A   24138.50000000  .00001264  00000-0  29661-4 0  9990
2 10060  96.7469 309.0090 0617789  75.9426 182.7308 14.495600020000
ORBITX-62
1 10061U 24001A   24138.50000000  .00001264  00000-0  29661-4 0  9991
2 10061  21.3905 343.2286 0497850 323.3262 106.4524 14.914064940000
STARLINK-63
1 10062U 24001A   24138.50000000  .00001264  00000-0  29661-4 0  9992
2 10062  81.7457 349.7586 0712339  67.7375 344.1038 15.123193400000
AI-SAT-64
1 10063U 24001A   24138.50000000  .00001264  00000-0  29661-4 0  9993
2 10063  62.6371 306.4898 0473216 153.5921  50.5178 15.629734550000
DIGITALTWIN-65
1 10064U 24001A   24138.50000000  .00001264  00000-0  29661-4 0  9994
2 10064  31.2605 220.5221 0959661 322.6927 295.6538 15.660673970000
ONEWEB-66
1 10065U 24001A   24138.50000000  .00001264  00000-0  29661-4 0  9995
2 10065  50.5191 298.1408 0302957 124.6427 249.4140 14.477571240000
STARLINK-67
1 10066U 24001A   24138.50000000  .00001264  00000-0  29661-4 0  9996
2 10066  84.4858 345.1746 0229401  87.8861 110.2182 15.110469740000
ISROSAT-68
1 10067U 24001A   24138.50000000  .00001264  00000-0  29661-4 0  9997
2 10067  73.5856 339.0688 0571109 353.2403  82.5698 15.474150440000
DEFENSESAT-69
1 10068U 24001A   24138.50000000  .00001264  00000-0  29661-4 0  9998
2 10068  47.6521 163.2595 0316099 286.6460 289.0282 15.674539900000
STARLINK-70
1 10069U 24001A   24138.50000000  .00001264  00000-0  29661-4 0  9999
2 10069  36.5005 147.1571 0188760 313.8923 123.3227 14.849437500000
DEFENSESAT-71
1 10070U 24001A   24138.50000000  .00001264  00000-0  29661-4 0  9990
2 10070  51.7007 236.3119 0682714 340.9131 171.3971 14.191170340000
STARLINK-72
1 10071U 24001A   24138.50000000  .00001264  00000-0  29661-4 0  9991
2 10071  69.8473 177.7781 0925271  73.5994 125.2748 15.252115160000
RESEARCHSAT-73
1 10072U 24001A   24138.50000000  .00001264  00000-0  29661-4 0  9992
2 10072  41.8986 143.7693 0208302 218.0980 247.6727 15.431863380000
DIGITALTWIN-74
1 10073U 24001A   24138.50000000  .00001264  00000-0  29661-4 0  9993
2 10073  53.8943 343.3176 0342758 176.8301 331.5301 14.372050270000
DEFENSESAT-75
1 10074U 24001A   24138.50000000  .00001264  00000-0  29661-4 0  9994
2 10074  43.4176 114.6665 0869259 342.4188  10.5748 14.742979540000
ONEWEB-76
1 10075U 24001A   24138.50000000  .00001264  00000-0  29661-4 0  9995
2 10075  24.4882 193.1478 0909134  28.0078 243.0378 15.951871170000
AI-SAT-77
1 10076U 24001A   24138.50000000  .00001264  00000-0  29661-4 0  9996
2 10076  79.1909 280.4271 0177069 109.2713 151.5098 14.162335150000
ONEWEB-78
1 10077U 24001A   24138.50000000  .00001264  00000-0  29661-4 0  9997
2 10077  77.2673 199.7246 0434939 261.0199 226.9729 14.536822310000
STARLINK-79
1 10078U 24001A   24138.50000000  .00001264  00000-0  29661-4 0  9998
2 10078  45.9693 187.4875 0269003  56.6338 232.3635 15.686032130000
RESEARCHSAT-80
1 10079U 24001A   24138.50000000  .00001264  00000-0  29661-4 0  9999
2 10079  75.7516 209.4504 0872609 162.6286  18.6840 14.784014230000
DEFENSESAT-81
1 10080U 24001A   24138.50000000  .00001264  00000-0  29661-4 0  9990
2 10080  89.5390  84.1585 0681346 173.6279 177.4317 14.675850310000
RESEARCHSAT-82
1 10081U 24001A   24138.50000000  .00001264  00000-0  29661-4 0  9991
2 10081  29.8360 124.4692 0505293 263.7481 309.2664 14.454539330000
ISROSAT-83
1 10082U 24001A   24138.50000000  .00001264  00000-0  29661-4 0  9992
2 10082  31.0439 330.1955 0702420 274.7044 114.6799 15.807955150000
DEFENSESAT-84
1 10083U 24001A   24138.50000000  .00001264  00000-0  29661-4 0  9993
2 10083  84.4876 140.0707 0871063 100.9024 155.6081 14.841624530000
AI-SAT-85
1 10084U 24001A   24138.50000000  .00001264  00000-0  29661-4 0  9994
2 10084  45.9615  59.5581 0772034 214.3443 243.8701 15.138045250000
STARLINK-86
1 10085U 24001A   24138.50000000  .00001264  00000-0  29661-4 0  9995
2 10085  88.7256 347.0047 0773008 235.9763 332.0084 15.206802370000
DEFENSESAT-87
1 10086U 24001A   24138.50000000  .00001264  00000-0  29661-4 0  9996
2 10086  29.1100 197.7123 0514422 174.4419 114.9680 15.263880870000
DEFENSESAT-88
1 10087U 24001A   24138.50000000  .00001264  00000-0  29661-4 0  9997
2 10087  30.4348 176.9943 0731344 110.6911 119.1161 15.218078840000
AI-SAT-89
1 10088U 24001A   24138.50000000  .00001264  00000-0  29661-4 0  9998
2 10088  68.3677 271.9420 0461259 218.3421 150.0111 15.125186450000
RESEARCHSAT-90
1 10089U 24001A   24138.50000000  .00001264  00000-0  29661-4 0  9999
2 10089  76.7076 139.3416 0229903 203.8974 230.0437 15.854934490000
RESEARCHSAT-91
1 10090U 24001A   24138.50000000  .00001264  00000-0  29661-4 0  9990
2 10090  32.8582  79.0017 0520968 179.5363 219.2245 15.906452110000
AI-SAT-92
1 10091U 24001A   24138.50000000  .00001264  00000-0  29661-4 0  9991
2 10091  53.3266 220.6937 0200188 196.0523 240.5982 14.405089570000
ISROSAT-93
1 10092U 24001A   24138.50000000  .00001264  00000-0  29661-4 0  9992
2 10092  46.1159 267.4191 0742520   2.1068 318.6615 14.799867270000
STARLINK-94
1 10093U 24001A   24138.50000000  .00001264  00000-0  29661-4 0  9993
2 10093  39.7257 298.9325 0762114 109.0706 292.5606 15.459929930000
DEFENSESAT-95
1 10094U 24001A   24138.50000000  .00001264  00000-0  29661-4 0  9994
2 10094  95.2206   5.3209 0338242 136.6894  73.8363 15.650683370000
RESEARCHSAT-96
1 10095U 24001A   24138.50000000  .00001264  00000-0  29661-4 0  9995
2 10095  83.2348 192.5979 0359694  95.0588 316.4983 15.807716680000
ISROSAT-97
1 10096U 24001A   24138.50000000  .00001264  00000-0  29661-4 0  9996
2 10096  93.4108 120.5960 0316573 215.0684 330.0965 14.161477520000
ORBITX-98
1 10097U 24001A   24138.50000000  .00001264  00000-0  29661-4 0  9997
2 10097  36.3698  14.9584 0997343 207.1724 208.2657 14.551356290000
DEFENSESAT-99
1 10098U 24001A   24138.50000000  .00001264  00000-0  29661-4 0  9998
2 10098  62.4460   5.8780 0240318 231.7164 237.7043 14.009448440000
ONEWEB-100
1 10099U 24001A   24138.50000000  .00001264  00000-0  29661-4 0  9999
2 10099  85.3104 323.4528 0726706 220.2330 200.3582 15.895797670000
CYBERSAT-101
1 10100U 24001A   24138.50000000  .00001264  00000-0  29661-4 0  9990
2 10100  49.4012  69.0999 0881996 170.7357 252.3764 15.050461240000
NAVIC-102
1 10101U 24001A   24138.50000000  .00001264  00000-0  29661-4 0  9991
2 10101  44.8333  70.2832 0155519 288.6084 144.1426 15.844097160000
NAVIC-103
1 10102U 24001A   24138.50000000  .00001264  00000-0  29661-4 0  9992
2 10102  78.0905 223.1969 0652539 352.8461 202.6292 14.599055100000
DIGITALTWIN-104
1 10103U 24001A   24138.50000000  .00001264  00000-0  29661-4 0  9993
2 10103  94.5253  89.1835 0106196  18.8799 266.4232 15.333364180000
ORBITX-105
1 10104U 24001A   24138.50000000  .00001264  00000-0  29661-4 0  9994
2 10104  31.9277  22.2821 0282765 199.2857 226.3111 14.542321110000
RESEARCHSAT-106
1 10105U 24001A   24138.50000000  .00001264  00000-0  29661-4 0  9995
2 10105  71.1117 180.4787 0812873 334.4438 174.2902 14.130652810000
DIGITALTWIN-107
1 10106U 24001A   24138.50000000  .00001264  00000-0  29661-4 0  9996
2 10106  81.1420 192.7529 0585887 160.7882 326.3927 15.342980410000
ISROSAT-108
1 10107U 24001A   24138.50000000  .00001264  00000-0  29661-4 0  9997
2 10107  55.6756 227.2664 0200126  61.1291 263.4258 14.380235190000
NAVIC-109
1 10108U 24001A   24138.50000000  .00001264  00000-0  29661-4 0  9998
2 10108  77.7490  86.0223 0697301  60.9779 286.8681 15.784999190000
CYBERSAT-110
1 10109U 24001A   24138.50000000  .00001264  00000-0  29661-4 0  9999
2 10109  23.5685 325.8396 0478436 175.4613  57.6417 14.350058660000
ORBITX-111
1 10110U 24001A   24138.50000000  .00001264  00000-0  29661-4 0  9990
2 10110  57.7235 129.5185 0701531  55.4236  41.1306 15.563032970000
DEFENSESAT-112
1 10111U 24001A   24138.50000000  .00001264  00000-0  29661-4 0  9991
2 10111  46.9856 171.4750 0348522 193.2679 111.0190 14.070924240000
ORBITX-113
1 10112U 24001A   24138.50000000  .00001264  00000-0  29661-4 0  9992
2 10112  56.8155 306.3029 0155911  35.3759 208.2674 14.349511390000
ORBITX-114
1 10113U 24001A   24138.50000000  .00001264  00000-0  29661-4 0  9993
2 10113  46.0439 132.7451 0287599 185.2633  45.2098 14.859655810000
AI-SAT-115
1 10114U 24001A   24138.50000000  .00001264  00000-0  29661-4 0  9994
2 10114  69.6802 238.0634 0376344 244.2523 108.4066 14.454893220000
ONEWEB-116
1 10115U 24001A   24138.50000000  .00001264  00000-0  29661-4 0  9995
2 10115  78.2470 238.8514 0854366 348.8857  98.7393 15.194706450000
DEFENSESAT-117
1 10116U 24001A   24138.50000000  .00001264  00000-0  29661-4 0  9996
2 10116  88.4271 254.3451 0109183 111.7526 265.6143 14.991588160000
RESEARCHSAT-118
1 10117U 24001A   24138.50000000  .00001264  00000-0  29661-4 0  9997
2 10117  78.2738 247.5265 0180390  37.6712  80.1673 15.744198780000
DIGITALTWIN-119
1 10118U 24001A   24138.50000000  .00001264  00000-0  29661-4 0  9998
2 10118  70.2138  16.0121 0163631 181.5075 262.0724 14.377981780000
CYBERSAT-120
1 10119U 24001A   24138.50000000  .00001264  00000-0  29661-4 0  9999
2 10119  43.2956 264.9625 0630401  35.8093  75.2132 14.801174140000
DEFENSESAT-121
1 10120U 24001A   24138.50000000  .00001264  00000-0  29661-4 0  9990
2 10120  64.1573  92.0328 0110197 303.6614 261.2698 15.600077900000
CYBERSAT-122
1 10121U 24001A   24138.50000000  .00001264  00000-0  29661-4 0  9991
2 10121  79.2518  71.0490 0273694 215.0171 242.2424 14.383013570000
RESEARCHSAT-123
1 10122U 24001A   24138.50000000  .00001264  00000-0  29661-4 0  9992
2 10122  87.6479 357.6267 0223545 356.2167 178.6852 15.185432770000
NAVIC-124
1 10123U 24001A   24138.50000000  .00001264  00000-0  29661-4 0  9993
2 10123  74.5291 195.4463 0314168 292.9110 335.5914 14.059165090000
NAVIC-125
1 10124U 24001A   24138.50000000  .00001264  00000-0  29661-4 0  9994
2 10124  49.5851   6.9538 0998253 174.3224 182.4915 14.008236250000
ORBITX-126
1 10125U 24001A   24138.50000000  .00001264  00000-0  29661-4 0  9995
2 10125  84.0429 112.7091 0700442  87.7382 210.9011 14.610635560000
ORBITX-127
1 10126U 24001A   24138.50000000  .00001264  00000-0  29661-4 0  9996
2 10126  35.1157 266.6165 0174600 348.4761 343.0478 15.203929960000
DEFENSESAT-128
1 10127U 24001A   24138.50000000  .00001264  00000-0  29661-4 0  9997
2 10127  75.9456 280.2915 0136252 325.4910  28.2854 14.537187890000
CYBERSAT-129
1 10128U 24001A   24138.50000000  .00001264  00000-0  29661-4 0  9998
2 10128  71.3400 223.1740 0884032 301.5673 296.1267 15.423058420000
DEFENSESAT-130
1 10129U 24001A   24138.50000000  .00001264  00000-0  29661-4 0  9999
2 10129  68.3290  12.0820 0177525 211.2818 180.7402 14.833546150000
RESEARCHSAT-131
1 10130U 24001A   24138.50000000  .00001264  00000-0  29661-4 0  9990
2 10130  87.6241  75.8007 0966527 247.2629 294.1219 15.243255720000
ORBITX-132
1 10131U 24001A   24138.50000000  .00001264  00000-0  29661-4 0  9991
2 10131  35.7652  44.2305 0906246 185.9829  59.9866 15.077565010000
CYBERSAT-133
1 10132U 24001A   24138.50000000  .00001264  00000-0  29661-4 0  9992
2 10132  48.1531 144.4172 0293367 141.2597 301.5448 15.970741670000
STARLINK-134
1 10133U 24001A   24138.50000000  .00001264  00000-0  29661-4 0  9993
2 10133  33.5032 355.3989 0919545  61.2103  57.8116 14.385056620000
ONEWEB-135
1 10134U 24001A   24138.50000000  .00001264  00000-0  29661-4 0  9994
2 10134  69.7586 288.7728 0574450  33.2865 126.1985 14.419451000000
NAVIC-136
1 10135U 24001A   24138.50000000  .00001264  00000-0  29661-4 0  9995
2 10135  64.9652  12.2317 0608071 265.9816 254.1016 14.472292830000
CYBERSAT-137
1 10136U 24001A   24138.50000000  .00001264  00000-0  29661-4 0  9996
2 10136  31.8870 199.4232 0354795 294.4348 134.7308 15.362137680000
STARLINK-138
1 10137U 24001A   24138.50000000  .00001264  00000-0  29661-4 0  9997
2 10137  96.4269 337.8873 0587137  96.7675  27.9021 14.655854080000
ONEWEB-139
1 10138U 24001A   24138.50000000  .00001264  00000-0  29661-4 0  9998
2 10138  80.4031 285.8325 0875867 230.9739 223.0643 14.614042370000
ORBITX-140
1 10139U 24001A   24138.50000000  .00001264  00000-0  29661-4 0  9999
2 10139  55.1571 317.7067 0531310  25.9442 249.2576 15.163457770000
ORBITX-141
1 10140U 24001A   24138.50000000  .00001264  00000-0  29661-4 0  9990
2 10140  33.6135  38.1337 0694728 291.2084 258.6819 14.882109240000
DEFENSESAT-142
1 10141U 24001A   24138.50000000  .00001264  00000-0  29661-4 0  9991
2 10141  71.7254 177.8715 0108286 310.4440 318.9553 15.177608250000
DEFENSESAT-143
1 10142U 24001A   24138.50000000  .00001264  00000-0  29661-4 0  9992
2 10142  41.0934 216.7401 0442465 335.4482 307.2170 15.963961990000
RESEARCHSAT-144
1 10143U 24001A   24138.50000000  .00001264  00000-0  29661-4 0  9993
2 10143  86.2346 264.2014 0126933  65.4692 229.6933 14.048501930000
CYBERSAT-145
1 10144U 24001A   24138.50000000  .00001264  00000-0  29661-4 0  9994
2 10144  44.2877 294.5705 0514598 123.4395 246.1607 15.195128200000
ORBITX-146
1 10145U 24001A   24138.50000000  .00001264  00000-0  29661-4 0  9995
2 10145  37.7873   3.1468 0483424 124.8337 203.4202 14.193923910000
ORBITX-147
1 10146U 24001A   24138.50000000  .00001264  00000-0  29661-4 0  9996
2 10146  25.1620  83.5511 0150410 138.7102 326.9932 14.225343820000
CYBERSAT-148
1 10147U 24001A   24138.50000000  .00001264  00000-0  29661-4 0  9997
2 10147  55.3740 284.6176 0621503 127.8669  27.0383 14.467422350000
NAVIC-149
1 10148U 24001A   24138.50000000  .00001264  00000-0  29661-4 0  9998
2 10148  37.0371  77.0648 0104582  20.8255  60.7626 14.187165650000
CYBERSAT-150
1 10149U 24001A   24138.50000000  .00001264  00000-0  29661-4 0  9999
2 10149  63.9077  26.6753 0355798 250.0955 183.9849 15.768696660000
ORBITX-151
1 10150U 24001A   24138.50000000  .00001264  00000-0  29661-4 0  9990
2 10150  89.4263  34.0711 0913255  50.5034 227.2755 14.467280080000
ONEWEB-152
1 10151U 24001A   24138.50000000  .00001264  00000-0  29661-4 0  9991
2 10151  88.1075 357.6147 0938174 184.9109 175.6170 15.879032920000
ISROSAT-153
1 10152U 24001A   24138.50000000  .00001264  00000-0  29661-4 0  9992
2 10152  65.8415  58.8234 0936214  99.1165 272.5982 15.079814950000
ORBITX-154
1 10153U 24001A   24138.50000000  .00001264  00000-0  29661-4 0  9993
2 10153  91.8410 325.5171 0304001 292.3725  46.8522 14.777287010000
AI-SAT-155
1 10154U 24001A   24138.50000000  .00001264  00000-0  29661-4 0  9994
2 10154  48.5183 107.5600 0315105 218.9837 268.0373 15.201815420000
NAVIC-156
1 10155U 24001A   24138.50000000  .00001264  00000-0  29661-4 0  9995
2 10155  55.8114 119.1530 0539758 113.1637 283.0901 15.607785520000
CYBERSAT-157
1 10156U 24001A   24138.50000000  .00001264  00000-0  29661-4 0  9996
2 10156  82.9964  20.4917 0876821 140.2860 268.7572 14.930823680000
NAVIC-158
1 10157U 24001A   24138.50000000  .00001264  00000-0  29661-4 0  9997
2 10157  20.5548 117.8613 0620056  64.9209 232.3258 14.426025420000
AI-SAT-159
1 10158U 24001A   24138.50000000  .00001264  00000-0  29661-4 0  9998
2 10158  65.0841 333.3017 0539934  74.7360 248.3208 15.380708630000
CYBERSAT-160
1 10159U 24001A   24138.50000000  .00001264  00000-0  29661-4 0  9999
2 10159  45.0957 313.6416 0564459  48.4116  40.1119 14.783814100000
ONEWEB-161
1 10160U 24001A   24138.50000000  .00001264  00000-0  29661-4 0  9990
2 10160  49.4253 154.6448 0820086 125.6834 205.4152 15.746867080000
CYBERSAT-162
1 10161U 24001A   24138.50000000  .00001264  00000-0  29661-4 0  9991
2 10161  83.6010 181.0775 0753035 359.1239 358.2643 14.527355940000
CYBERSAT-163
1 10162U 24001A   24138.50000000  .00001264  00000-0  29661-4 0  9992
2 10162  83.4603 301.7047 0117529  24.6581  19.2540 14.580008570000
ORBITX-164
1 10163U 24001A   24138.50000000  .00001264  00000-0  29661-4 0  9993
2 10163  23.3639   5.6327 0549360  58.7116 269.3296 14.588094610000
RESEARCHSAT-165
1 10164U 24001A   24138.50000000  .00001264  00000-0  29661-4 0  9994
2 10164  86.5876 112.8509 0822935 159.4885 124.3947 14.123746340000
CYBERSAT-166
1 10165U 24001A   24138.50000000  .00001264  00000-0  29661-4 0  9995
2 10165  43.2516 285.1405 0247395 161.3133  75.3934 15.598028630000
NAVIC-167
1 10166U 24001A   24138.50000000  .00001264  00000-0  29661-4 0  9996
2 10166  71.6244 284.3648 0929798 354.7451 264.7240 14.801318770000
NAVIC-168
1 10167U 24001A   24138.50000000  .00001264  00000-0  29661-4 0  9997
2 10167  60.5352 169.3599 0942197 190.0060 219.1503 14.275349630000
ISROSAT-169
1 10168U 24001A   24138.50000000  .00001264  00000-0  29661-4 0  9998
2 10168  57.7102 194.4940 0641811  40.5324 163.2703 15.816456840000
ISROSAT-170
1 10169U 24001A   24138.50000000  .00001264  00000-0  29661-4 0  9999
2 10169  95.7244 152.8641 0908712 215.9614 183.8384 15.383076440000
DIGITALTWIN-171
1 10170U 24001A   24138.50000000  .00001264  00000-0  29661-4 0  9990
2 10170  36.0431 296.8667 0310359 275.8081  28.3142 14.196286800000
ISROSAT-172
1 10171U 24001A   24138.50000000  .00001264  00000-0  29661-4 0  9991
2 10171  53.5363 229.4366 0427872  75.6431  52.1884 14.691180480000
ORBITX-173
1 10172U 24001A   24138.50000000  .00001264  00000-0  29661-4 0  9992
2 10172  42.2903 187.6082 0921920 319.3790 348.0603 15.663587920000
ISROSAT-174
1 10173U 24001A   24138.50000000  .00001264  00000-0  29661-4 0  9993
2 10173  94.5228 100.9833 0782852 101.1262 215.6334 14.107807750000
AI-SAT-175
1 10174U 24001A   24138.50000000  .00001264  00000-0  29661-4 0  9994
2 10174  29.2668 209.8979 0352151 292.8264  35.1624 15.920333890000
AI-SAT-176
1 10175U 24001A   24138.50000000  .00001264  00000-0  29661-4 0  9995
2 10175  47.2018 121.9072 0318074  90.8165 341.3872 15.872572970000
STARLINK-177
1 10176U 24001A   24138.50000000  .00001264  00000-0  29661-4 0  9996
2 10176  48.5674 285.0290 0705707 120.8053  51.0521 15.409610630000
NAVIC-178
1 10177U 24001A   24138.50000000  .00001264  00000-0  29661-4 0  9997
2 10177  39.6390 155.7998 0142163 200.3757 347.2495 15.235827230000
RESEARCHSAT-179
1 10178U 24001A   24138.50000000  .00001264  00000-0  29661-4 0  9998
2 10178  55.4103  65.2847 0838605 197.6814 264.9500 15.156349200000
ORBITX-180
1 10179U 24001A   24138.50000000  .00001264  00000-0  29661-4 0  9999
2 10179  29.7797 169.2290 0781549 271.9650  13.3170 14.112422760000
ORBITX-181
1 10180U 24001A   24138.50000000  .00001264  00000-0  29661-4 0  9990
2 10180  21.9899 123.8121 0218266 349.6561 172.3643 14.100304120000
ORBITX-182
1 10181U 24001A   24138.50000000  .00001264  00000-0  29661-4 0  9991
2 10181  93.9664  17.6544 0416857 306.0568  37.1962 14.120571400000
RESEARCHSAT-183
1 10182U 24001A   24138.50000000  .00001264  00000-0  29661-4 0  9992
2 10182  50.5874 110.0974 0309581  51.9933 251.5070 14.321143230000
ORBITX-184
1 10183U 24001A   24138.50000000  .00001264  00000-0  29661-4 0  9993
2 10183  58.3437  85.8570 0148554 295.8065  44.1522 15.329470720000
ONEWEB-185
1 10184U 24001A   24138.50000000  .00001264  00000-0  29661-4 0  9994
2 10184  69.8699 215.5594 0242582  50.1228 255.0639 14.504428180000
ONEWEB-186
1 10185U 24001A   24138.50000000  .00001264  00000-0  29661-4 0  9995
2 10185  79.3300 313.6189 0356554 111.2698  90.1124 14.973809660000
ISROSAT-187
1 10186U 24001A   24138.50000000  .00001264  00000-0  29661-4 0  9996
2 10186  71.4406 256.0717 0796060 220.8232 153.5442 15.612384360000
DEFENSESAT-188
1 10187U 24001A   24138.50000000  .00001264  00000-0  29661-4 0  9997
2 10187  43.5329 326.5454 0877811 202.3781 315.1508 15.047121110000
ORBITX-189
1 10188U 24001A   24138.50000000  .00001264  00000-0  29661-4 0  9998
2 10188  66.1708 228.7894 0930150 296.8471 257.7581 15.336363180000
ORBITX-190
1 10189U 24001A   24138.50000000  .00001264  00000-0  29661-4 0  9999
2 10189  64.9356 248.3423 0638179 108.2839 178.1986 15.885989140000
RESEARCHSAT-191
1 10190U 24001A   24138.50000000  .00001264  00000-0  29661-4 0  9990
2 10190  55.2564  80.1355 0853006 267.6066 212.3181 15.502906950000
DIGITALTWIN-192
1 10191U 24001A   24138.50000000  .00001264  00000-0  29661-4 0  9991
2 10191  94.5013  63.3408 0169519  14.5063 345.9169 14.205861320000
DEFENSESAT-193
1 10192U 24001A   24138.50000000  .00001264  00000-0  29661-4 0  9992
2 10192  73.0643  33.0030 0783881 297.3189 178.6526 15.850017490000
CYBERSAT-194
1 10193U 24001A   24138.50000000  .00001264  00000-0  29661-4 0  9993
2 10193  86.0092  43.2264 0557847  47.8227 231.5789 14.413855610000
DIGITALTWIN-195
1 10194U 24001A   24138.50000000  .00001264  00000-0  29661-4 0  9994
2 10194  54.1075   4.6914 0118984 349.6040  39.5053 14.973302510000
RESEARCHSAT-196
1 10195U 24001A   24138.50000000  .00001264  00000-0  29661-4 0  9995
2 10195  45.8174 251.9764 0491627 144.0883  94.2186 14.138217240000
ORBITX-197
1 10196U 24001A   24138.50000000  .00001264  00000-0  29661-4 0  9996
2 10196  92.6002  56.9127 0380627 269.9435  56.9674 15.832575310000
DEFENSESAT-198
1 10197U 24001A   24138.50000000  .00001264  00000-0  29661-4 0  9997
2 10197  34.5546 195.6304 0496980  22.7137  61.9116 15.291724740000
ORBITX-199
1 10198U 24001A   24138.50000000  .00001264  00000-0  29661-4 0  9998
2 10198  25.1483  77.9006 0197708 147.7575 142.5726 15.863350890000
AI-SAT-200
1 10199U 24001A   24138.50000000  .00001264  00000-0  29661-4 0  9999
2 10199  46.7596  68.5520 0569392  11.2517 129.2034 15.439085870000
